header:
    frame_id: "usb_cam0"
    stamp: now
width: 1920
height: 1080
distortion_model: "plumb_bob"
K: [1128.1868143323688, 0.0, 1026.9758240822644, 0.0, 1333.034820965338, 474.04433381194474, 0.0, 0.0, 1.0]
D: [-0.035381758548511826, -0.03526853745015409, 0.008314723970596172, -0.00401659478650466, 0.0]
R: [1, 0, 0, 0, 1, 0, 0, 0, 1]
P: [1071.0687255859375, 0.0, 1026.4520766977148, 0.0, 0.0, 1326.9517822265625, 478.5601418099068, 0.0, 0.0, 0.0, 1.0, 0.0]
binning_x: 0
binning_y: 0