header:
    frame_id: "usb_cam0"
width: 1920
height: 1080
distortion_model: "plumb_bob"
K: [1022.9631349599406, 0.0, 939.2415058845318, 0.0, 1253.8853053747966, 508.9766954669889, 0.0, 0.0, 1.0]
D: [-0.03053435436712333, 0.023136632197247136, 0.02606635009821402, 0.012528247374300814, 0.0]
R: [1, 0, 0, 0, 1, 0, 0, 0, 1]
P: [1037.4501953125, 0.0, 973.5176322530606, 0.0, 0.0, 1293.0234375, 544.8425570614636, 0.0, 0.0, 0.0, 1.0, 0.0]
binning_x: 0
binning_y: 0