image_width: 1920
image_height: 1080
camera_name: usb_cam0
camera_matrix:
  rows: 3
  cols: 3
  data: [611.1549814728781, 0, 959.5, 0, 611.1549814728781, 539.5, 0, 0, 1]
distortion_model: fisheye
distortion_coefficients:
  rows: 1
  cols: 4
  data: [0, 0, 0, 0]
rectification_matrix:
  rows: 3
  cols: 3
  data: [1, 0, 0, 0, 1, 0, 0, 0, 1]
projection_matrix:
  rows: 3
  cols: 4
  data: [456.085807069312, 0, 959.5, 0, 0, 456.085807069312, 539.5, 0, 0, 0, 1, 0]